Start
Player One : (1,1)
-999 4 9 9 4 12 
4 8 8 8 8 4 
9 8 8 8 8 9 
4 8 8 8 8 4 
12 4 9 9 4 12 
Player Two : (5,6)
Player One : (1,6)
-999 7 12 12 7 -999 
7 11 11 11 11 7 
12 11 11 11 11 12 
7 11 11 11 11 12 
15 7 12 12 12 9 
Player Two : (5,1)
Player One : (2,5)
-999 13 18 18 13 -999 
13 17 17 17 -999 13 
18 17 17 17 17 18 
18 17 17 17 17 18 
15 18 18 18 18 15 
Player Two : (5,5)
Player One : (2,6)
-999 16 21 21 16 -999 
16 20 20 20 -999 -999 
21 20 20 20 20 17 
21 20 20 20 20 21 
18 21 21 21 19 18 
Player Two : (5,4)
Player One : (1,5)
-999 19 24 20 -999 -999 
19 23 23 23 -999 -999 
24 23 23 23 23 20 
24 23 23 23 23 24 
21 24 24 24 22 21 
Player Two : (5,2)
Player One : (4,3)
-999 22 27 23 -999 -999 
22 26 26 26 -999 -999 
27 26 26 26 26 23 
27 26 -999 26 26 27 
24 25 27 27 25 24 
Player Two : (5,3)
Player One : (3,5)
-999 25 30 26 -999 -999 
25 29 29 29 -999 -999 
30 29 29 29 -999 26 
30 29 -999 29 29 30 
27 28 30 30 28 27 
Player Two : (5,4)
Player One : (3,6)
-999 28 33 29 -999 -999 
28 32 32 32 -999 -999 
33 32 32 32 -999 -999 
33 32 -999 32 32 29 
30 31 31 30 30 24 
Player Two : (4,1)
Player One : (3,6)
-999 31 36 32 -999 -999 
31 35 35 35 -999 -999 
36 35 35 35 -999 -999 
34 35 -999 35 35 27 
33 34 34 33 33 27 
Player Two : (1,3)
Player One : (2,6)
-999 32 39 35 -999 -999 
34 38 38 38 -999 -999 
39 38 38 38 -999 -999 
37 38 -999 38 38 30 
36 37 37 36 36 30 
Player Two : (3,1)
Player One : (2,2)
-999 37 42 38 -999 -999 
37 -999 41 41 -999 -999 
42 41 41 41 -999 -999 
40 41 -999 41 41 33 
39 40 40 39 39 33 
Player Two : (3,1)
Player One : (1,2)
-999 -999 46 43 -999 -999 
32 -999 40 40 -999 -999 
33 40 40 40 -999 -999 
38 40 -999 40 40 37 
36 39 39 38 38 32 
Player Two : (1,3)
Player One : (1,5)
-999 -999 41 42 -999 -999 
33 -999 43 44 -999 -999 
35 44 44 44 -999 -999 
42 44 -999 44 44 41 
40 43 43 42 42 36 
Player Two : (4,2)
Player One : (4,5)
-999 -999 43 44 -999 -999 
35 -999 45 46 -999 -999 
37 46 46 46 -999 -999 
44 45 -999 46 -999 43 
42 45 45 44 44 38 
Player Two : (3,4)
Player One : (4,5)
-999 -999 43 46 -999 -999 
37 -999 47 48 -999 -999 
39 48 48 47 -999 -999 
46 47 -999 47 -999 45 
44 47 47 43 45 39 
Player Two : (3,3)
Player One : (4,5)
-999 -999 34 40 -999 -999 
36 -999 43 43 -999 -999 
36 43 42 42 -999 -999 
41 42 -999 44 -999 43 
37 41 39 40 30 30 
Player Two : (4,4)
Player One : (2,1)
-999 -999 38 35 -999 -999 
-999 -999 38 38 -999 -999 
40 37 37 37 -999 -999 
35 37 -999 37 -999 34 
33 38 37 33 30 30 
Player Two : (3,1)
Player One : (4,3)
-999 -999 32 14 -999 -999 
38 -999 14 15 -999 -999 
-999 10 14 14 -999 -999 
38 13 -999 10 -999 21 
38 12 20 31 10 23 
Player Two : (4,1)
Player One : (4,3)
-999 -999 16 3 -999 -999 
24 -999 4 5 -999 -999 
-999 1 1 3 -999 -999 
-999 3 -999 3 -999 7 
-999 24 3 24 3 27 
Player Two : (5,6)
Player One : (4,5)
Pneumonoultramicroscopicsilicovolcanoconiosis
2 1
Pneumonoultramicroscopicsilicovolcanoconiosis
5 2
-999 -999 999 5 -999 -999 
998 -999 11 11 -999 -999 
-999 7 8 9 -999 -999 
-999 10 -999 -999 -999 -999 
-999 998 -999 -999 -999 -999 
Player Two : (1,3)
Player One : (3,5)
-999 999 -999 -999 -999 -999 
999 -999 -999 -999 -999 -999 
-999 -999 -999 -999 -999 -999 
-999 -999 -999 -999 -999 -999 
-999 999 -999 -999 -999 -999 
Player Two : (2,1)
Player One : (2,5)
-999 -999 -999 -999 -999 -999 
-999 999 -999 -999 -999 -999 
-999 -999 -999 -999 -999 -999 
-999 -999 -999 -999 -999 -999 
-999 999 -999 -999 -999 -999 
Player Two : (2,2)
Player One : (5,3)
-999 -999 -999 -999 -999 -999 
-999 -999 -999 -999 -999 -999 
-999 -999 -999 -999 -999 -999 
-999 -999 -999 -999 -999 -999 
-999 -999 -999 -999 -999 -999 
Player Two : (5,6)
Player One Win !